[position]
x=1300.000000
y=995.000000
[config]
opacity=1.000000
scale=1.000000
showammo=0
size=32
hideinchatlog=0
showencumberance=1
[bgcolor]
alpha=64
red=0
green=0
blue=0
[fontcolor]
alpha=255
red=255
green=255
blue=255
